0 0.825617 0.553174 0.072453 0.071042
0 0.765852 0.602361 0.068687 0.075500
0 0.199508 0.395861 0.027172 0.025278
0 0.272957 0.408250 0.028289 0.020806
0 0.305219 0.402924 0.027875 0.020569
0 0.322641 0.421750 0.029547 0.027500
0 0.621328 0.455653 0.048359 0.033000
0 0.631906 0.476958 0.047922 0.040306
0 0.615066 0.504201 0.050086 0.048736
0 0.971559 0.720167 0.056883 0.088389
0 0.225008 0.931444 0.109281 0.137111
0 0.436582 0.948937 0.124305 0.102125
0 0.485324 0.456319 0.033570 0.031528
0 0.323633 0.528194 0.048047 0.072222
0 0.348004 0.436188 0.029758 0.022097
0 0.460742 0.470972 0.038984 0.038333
0 0.384559 0.484611 0.043664 0.043111
0 0.314496 0.476819 0.042727 0.038806
0 0.261887 0.546472 0.042352 0.060694
0 0.211563 0.394250 0.018672 0.018583
0 0.396699 0.429840 0.020930 0.020986
0 0.245195 0.468882 0.037844 0.045958
0 0.502848 0.649896 0.069930 0.107847
0 0.282715 0.652715 0.056102 0.099875
0 0.555629 0.460847 0.035242 0.038972
0 0.835090 0.689382 0.090305 0.084542
0 0.559059 0.775174 0.082117 0.124764
