0 0.289164 0.440917 0.038719 0.033417
0 0.293238 0.778486 0.072430 0.150000
0 0.737738 0.492535 0.051555 0.051847
0 0.748547 0.577972 0.070609 0.064361
0 0.544289 0.733528 0.073797 0.110306
0 0.301063 0.596229 0.042797 0.074347
0 0.508844 0.566375 0.054641 0.063167
0 0.328020 0.541375 0.038570 0.062972
0 0.292254 0.506646 0.039008 0.062097
0 0.251699 0.551090 0.041086 0.049458
0 0.322051 0.417250 0.041477 0.034167
0 0.333816 0.486021 0.042555 0.046042
0 0.195445 0.388271 0.022031 0.020736
0 0.212777 0.403757 0.017820 0.018431
0 0.260086 0.410389 0.029484 0.024778
0 0.260813 0.454167 0.033531 0.036861
0 0.261297 0.487285 0.035156 0.040903
0 0.372402 0.476403 0.038867 0.040139
0 0.398613 0.416306 0.040414 0.030972
0 0.431465 0.509507 0.046461 0.062153
0 0.430844 0.569896 0.034219 0.063042
0 0.734219 0.800951 0.116359 0.178931
0 0.919609 0.551278 0.068781 0.052917
0 0.908129 0.458194 0.049227 0.060278
0 0.913262 0.596111 0.080977 0.064444
