0 0.267316 0.539250 0.040164 0.069194
0 0.620637 0.550562 0.052273 0.055542
0 0.866848 0.720812 0.096039 0.097514
0 0.221832 0.425736 0.033211 0.030806
0 0.195977 0.438264 0.023328 0.025639
0 0.289469 0.501903 0.037484 0.041806
0 0.396125 0.691528 0.059344 0.093444
0 0.367004 0.510090 0.046820 0.056153
0 0.734336 0.622993 0.069766 0.071264
0 0.453594 0.958368 0.118938 0.083264
0 0.663320 0.492611 0.048797 0.041250
0 0.217703 0.403847 0.029156 0.025639
0 0.428238 0.503181 0.045523 0.049250
0 0.349266 0.432028 0.037875 0.035056
0 0.171922 0.411535 0.012312 0.025347
0 0.438867 0.443278 0.034016 0.031111
0 0.240484 0.466326 0.041906 0.049708
0 0.358098 0.421160 0.027227 0.024097
0 0.560852 0.510090 0.048672 0.048569
0 0.206250 0.483444 0.037188 0.055500
0 0.654379 0.517250 0.049836 0.041722
0 0.743742 0.559174 0.058266 0.055569
0 0.775586 0.540972 0.052109 0.043056
0 0.502387 0.554028 0.049195 0.056472
