0 0.633832 0.562486 0.054836 0.053917
0 0.333223 0.427285 0.031055 0.029569
0 0.341316 0.410750 0.028711 0.022056
0 0.252262 0.404944 0.028992 0.029750
0 0.231215 0.400715 0.019227 0.020819
0 0.185156 0.397653 0.030000 0.024472
0 0.186992 0.470715 0.025750 0.041125
0 0.174492 0.417479 0.025000 0.032847
0 0.567191 0.448583 0.045211 0.035528
0 0.560824 0.490764 0.043461 0.032861
0 0.596945 0.641542 0.069937 0.086833
0 0.433203 0.900035 0.105469 0.199931
0 0.344648 0.490778 0.041047 0.046111
0 0.295859 0.466236 0.043469 0.046778
0 0.189512 0.438868 0.030789 0.036486
0 0.864516 0.946979 0.130812 0.106042
0 0.859699 0.708556 0.104195 0.105111
0 0.507320 0.460812 0.040359 0.037986
0 0.423113 0.420951 0.037070 0.034153
0 0.830715 0.612056 0.071617 0.062139
0 0.663789 0.516660 0.052422 0.055542
0 0.273965 0.839493 0.085648 0.135764
0 0.382117 0.624201 0.050766 0.077236
0 0.239656 0.521167 0.040266 0.063167
0 0.307414 0.529340 0.047016 0.072653
0 0.985582 0.636264 0.028383 0.087583
