0 0.258871 0.546056 0.041852 0.098833
0 0.213254 0.394111 0.029789 0.026000
0 0.247395 0.403201 0.028242 0.020819
0 0.282285 0.402979 0.025492 0.020653
0 0.301035 0.419972 0.023992 0.020667
0 0.343348 0.431625 0.027445 0.025139
0 0.361410 0.413958 0.026320 0.024639
0 0.387375 0.428639 0.030375 0.025139
0 0.320453 0.479764 0.038141 0.037472
0 0.274531 0.491361 0.037641 0.042833
0 0.373148 0.512326 0.044672 0.051736
0 0.255918 0.946868 0.094836 0.106264
0 0.471277 0.972049 0.106883 0.055903
0 0.625000 0.872236 0.117375 0.182417
0 0.566961 0.477681 0.053266 0.048528
0 0.682031 0.498458 0.052500 0.051083
0 0.570680 0.521813 0.049484 0.044736
0 0.955594 0.604542 0.060469 0.071000
0 0.709703 0.551840 0.060687 0.062014
0 0.821996 0.559021 0.068773 0.055764
0 0.424316 0.566549 0.052336 0.080403
0 0.301055 0.650069 0.051656 0.093056
0 0.332496 0.536979 0.043039 0.062375
0 0.778430 0.655236 0.084578 0.071583
0 0.800590 0.506889 0.063258 0.047667
