0 0.332750 0.483118 0.041234 0.044986
0 0.467062 0.445090 0.039781 0.037681
0 0.647293 0.567736 0.058492 0.049639
0 0.628629 0.511431 0.052273 0.049361
0 0.765070 0.636111 0.077375 0.085111
0 0.870227 0.928792 0.142516 0.142417
0 0.345465 0.422125 0.030164 0.028417
0 0.369387 0.589403 0.046695 0.073250
0 0.418359 0.432257 0.040156 0.033403
0 0.541371 0.503917 0.053992 0.054500
0 0.703902 0.503556 0.056852 0.056694
0 0.308668 0.521285 0.039961 0.057486
0 0.657918 0.699174 0.088586 0.113542
0 0.401004 0.677424 0.060992 0.114903
0 0.443539 0.502944 0.049437 0.066778
0 0.663637 0.967660 0.110180 0.064681
0 0.223418 0.922368 0.144805 0.155264
0 0.542789 0.458090 0.050797 0.043653
0 0.466691 0.421271 0.033555 0.025319
0 0.348887 0.403111 0.030742 0.025000
0 0.291801 0.418847 0.021695 0.020889
0 0.262375 0.416590 0.020156 0.016069
0 0.237426 0.402528 0.020305 0.017667
0 0.217406 0.405396 0.017781 0.015431
0 0.188582 0.393972 0.012977 0.012917
0 0.174289 0.398625 0.015781 0.014444
0 0.531383 0.583701 0.054953 0.063347
0 0.374172 0.520604 0.043109 0.050653
0 0.379980 0.476451 0.038992 0.038319
0 0.257492 0.481951 0.036547 0.042653
0 0.248680 0.447965 0.032047 0.033319
0 0.195074 0.448465 0.026055 0.036319
0 0.597602 0.826569 0.094047 0.139778
0 0.498109 0.628722 0.066484 0.102194
0 0.920125 0.651618 0.100234 0.102764
