0 0.560992 0.452493 0.034859 0.036319
0 0.516195 0.433368 0.044797 0.038958
0 0.464969 0.452535 0.035562 0.035875
0 0.399637 0.448208 0.026492 0.027472
0 0.370133 0.441583 0.022969 0.026889
0 0.342270 0.420444 0.023320 0.019333
0 0.298199 0.405889 0.026383 0.020444
0 0.263977 0.414111 0.023109 0.018500
0 0.254840 0.402812 0.023477 0.027319
0 0.274137 0.463257 0.035430 0.040986
0 0.228234 0.408042 0.020500 0.019528
0 0.323465 0.445646 0.041586 0.048042
0 0.616543 0.497646 0.051570 0.059653
0 0.262273 0.898542 0.121719 0.191667
0 0.292566 0.503799 0.040148 0.049764
0 0.623305 0.679708 0.078016 0.101861
0 0.438078 0.582187 0.048578 0.062819
0 0.990824 0.642319 0.018023 0.057972
0 0.385527 0.484125 0.037086 0.039722
0 0.378695 0.513236 0.045109 0.064778
0 0.736105 0.518403 0.052773 0.050639
0 0.462410 0.522486 0.053789 0.064778
0 0.543461 0.582604 0.057484 0.080514
0 0.700043 0.537701 0.057023 0.058625
0 0.476270 0.632667 0.059898 0.081889
0 0.327250 0.538250 0.040344 0.065389
0 0.284461 0.626278 0.056266 0.104944
0 0.842531 0.618729 0.072750 0.075042
0 0.778332 0.646729 0.087617 0.109569
0 0.551355 0.472604 0.049320 0.054653
0 0.230523 0.471431 0.035672 0.032972
0 0.190348 0.445764 0.013680 0.036667
0 0.237398 0.441771 0.036547 0.031986
0 0.270012 0.435771 0.034680 0.029986
0 0.661836 0.470993 0.047984 0.035986
