0 0.281027 0.993965 0.073758 0.012069
0 0.536137 0.437465 0.038805 0.029319
0 0.663152 0.476292 0.043758 0.030861
0 0.282738 0.782111 0.078508 0.169556
0 0.936516 0.692208 0.085641 0.076556
0 0.180730 0.421729 0.012758 0.020264
0 0.213566 0.436389 0.034945 0.034444
0 0.262250 0.447368 0.038234 0.042319
0 0.239195 0.466354 0.034484 0.038319
0 0.200957 0.476021 0.033367 0.052986
0 0.237684 0.522028 0.036867 0.048972
0 0.346230 0.466118 0.036211 0.034319
0 0.341461 0.492340 0.040125 0.055903
0 0.274664 0.591813 0.041422 0.058986
0 0.329750 0.546125 0.043156 0.060139
0 0.285418 0.630257 0.047695 0.075847
0 0.545926 0.585764 0.070883 0.103917
0 0.170660 0.393618 0.014102 0.015903
0 0.189238 0.397472 0.017992 0.016861
0 0.234152 0.403069 0.031961 0.029472
0 0.264652 0.412646 0.023055 0.025236
0 0.313582 0.420104 0.027867 0.028625
0 0.375605 0.412646 0.025898 0.021125
0 0.376371 0.426264 0.024055 0.026778
0 0.979398 0.580125 0.041125 0.071694
0 0.447281 0.573403 0.053781 0.065833
0 0.610254 0.474090 0.050336 0.051625
0 0.596523 0.529813 0.038641 0.048931
0 0.397578 0.657521 0.069687 0.137236
0 0.929129 0.608486 0.083602 0.075306
0 0.676910 0.580743 0.062211 0.066819
0 0.522504 0.693181 0.066523 0.116250
0 0.682719 0.721694 0.086203 0.128083
0 0.811191 0.676153 0.085023 0.082917
0 0.499492 0.484951 0.045359 0.044319
0 0.472496 0.425944 0.044711 0.044639
0 0.443906 0.468674 0.037422 0.037375
0 0.390930 0.442493 0.032891 0.040319
0 0.851418 0.962799 0.069195 0.074403
0 0.677219 0.961986 0.110625 0.076028
