0 0.238586 0.409757 0.026859 0.022903
0 0.326355 0.421979 0.034852 0.025625
0 0.593055 0.463021 0.041047 0.037819
0 0.396594 0.448424 0.034703 0.031181
0 0.814422 0.519597 0.059906 0.057917
0 0.768801 0.568944 0.067367 0.067306
0 0.608117 0.889674 0.110719 0.182292
0 0.275813 0.707993 0.062688 0.101264
0 0.271941 0.832722 0.080508 0.161889
0 0.686523 0.742688 0.090188 0.116347
0 0.497332 0.481389 0.042758 0.038750
0 0.462691 0.949444 0.114289 0.095083
0 0.762918 0.409319 0.037430 0.050444
0 0.426352 0.436319 0.040109 0.040139
0 0.317961 0.406229 0.026375 0.020986
0 0.264664 0.409007 0.026500 0.022708
0 0.556750 0.466528 0.054625 0.056389
0 0.192691 0.398299 0.016023 0.017125
0 0.237063 0.534167 0.037281 0.049833
0 0.273344 0.490076 0.036125 0.042431
0 0.307129 0.470139 0.041117 0.034139
0 0.378293 0.617292 0.058961 0.098639
0 0.478289 0.611896 0.063578 0.089903
0 0.772852 0.652861 0.078312 0.090583
0 0.635223 0.557438 0.058961 0.051931
0 0.966562 0.710347 0.066875 0.083750
