0 0.228586 0.452993 0.039359 0.038319
0 0.877773 0.645674 0.082687 0.071264
0 0.576258 0.483083 0.050875 0.052889
0 0.774734 0.870417 0.118641 0.148306
0 0.456187 0.604014 0.051344 0.077194
0 0.715336 0.513646 0.055375 0.059792
0 0.700340 0.598917 0.066695 0.071306
0 0.267227 0.587076 0.047422 0.076542
0 0.521508 0.653722 0.071312 0.110250
0 0.850840 0.694007 0.089523 0.083181
0 0.340656 0.542938 0.051359 0.061986
0 0.284801 0.690958 0.060633 0.132806
0 0.409402 0.675194 0.059086 0.113833
0 0.264047 0.397125 0.022594 0.020833
0 0.309543 0.403049 0.030367 0.023986
0 0.372238 0.408708 0.030930 0.026667
0 0.458840 0.449535 0.031305 0.038986
0 0.487402 0.435437 0.035430 0.042319
0 0.444574 0.462660 0.039367 0.038653
0 0.595273 0.463826 0.035609 0.038319
0 0.683418 0.961340 0.136820 0.077319
0 0.313395 0.422854 0.028836 0.025986
0 0.362660 0.435972 0.033430 0.030278
0 0.248711 0.915208 0.103047 0.162639
0 0.240078 0.408340 0.035969 0.027653
0 0.210434 0.401000 0.019117 0.025056
0 0.176160 0.393750 0.014242 0.015333
0 0.493961 0.553660 0.051547 0.055319
0 0.421652 0.543951 0.057211 0.071375
0 0.235523 0.519806 0.037484 0.054639
0 0.264105 0.484653 0.036930 0.046972
