0 0.351270 0.473472 0.044492 0.062500
0 0.340758 0.543035 0.041984 0.067736
0 0.595145 0.530757 0.048883 0.056514
0 0.722699 0.548438 0.064523 0.070153
0 0.499820 0.556868 0.065250 0.073042
0 0.532348 0.674667 0.070008 0.105194
0 0.491508 0.462472 0.038531 0.040222
0 0.626020 0.499549 0.052102 0.053181
0 0.447813 0.457743 0.046500 0.048264
0 0.440617 0.581764 0.052109 0.067083
0 0.244195 0.431965 0.038422 0.028903
0 0.254383 0.460222 0.031516 0.033778
0 0.166828 0.392069 0.008359 0.014361
0 0.177836 0.394424 0.013938 0.013625
0 0.198605 0.399007 0.027039 0.023792
0 0.214840 0.400618 0.015742 0.023542
0 0.286527 0.405882 0.025898 0.023347
0 0.325133 0.420542 0.029391 0.028667
0 0.383309 0.428687 0.021930 0.022708
0 0.364637 0.436604 0.037336 0.035097
0 0.431551 0.425417 0.034539 0.031861
0 0.516070 0.440382 0.048141 0.042597
0 0.833805 0.554896 0.082016 0.073597
0 0.970098 0.723750 0.059805 0.107306
0 0.248422 0.519236 0.042375 0.081250
0 0.839027 0.618604 0.091758 0.080875
